CAPUT XV.

111111111111.

1. Vero 111111111 11 1111111 111, 11111 1111111111
111111111 prosperis 11 1111111, 11 111 11111 1111111
moribus 11 exemplis 1111 christi 1111111111. ⁴fficio
11111 11. 11111111111111111, 11111, chrysostomus: 1111111
111 11111111, 11111 11111111 111 11111111 111111111111
11 1111111111 1111111 111111111111111111 111111111111
11111111111. 1111111111111 1111111111111111 in
1111111111 111111111 11111111, 11111118111111, 11111,
11 111, 11 ego 1111, 11 11 1111 11 1111111111 sino
(1111. 11, 21.)

11111 1111 1111111111 11 proximos 111, 1111 11111·
111, 11 11111111 11111 111111, 11111 1111111 11111, 11111
111111 Deum: 11111111111111111 11111111 multitudinis
1111111111 1111111 unum, 11 111111 1111111111,
31.) 111111 111111 1111111, 11111 1111111111 1111111.

11111 11111 1111111111 11 11111, 1111, somno, 11
11111111 1111111111, 1111 111 1111111111 osum, 111
111111 professionem 111111, 111 111111 111111111111, 11
111111 lucrifaciamus 1111111111111111 so olcis: 111·
1111111 11111111 11111111, 11 11111111111111111111·,
111111 omnibus 111111 som, 11111111 11111111 salvos.
(1. 011. 9, 11.)

2. 11 11111111 11111 1111111111 11111111111 de·
111, qood 1111111111111111111111, 1111111 1111111
111111111 11111111, 11111 1111 111111 111 solomonem: 11
1111111 111111111 111 11111111 meo, 11111 11111111111
111111 Deo 11 hominihus: 1111111111 11111111, 1111111

 

